.Random.seed <-
c(403L, 2L, 628989863L, -1426726450L, 1663043368L, -748532437L, 
-1708966071L, 1680286808L, -779788026L, 1191681249L, -1664770957L, 
-1322039070L, -262926252L, 441218391L, -40114867L, -908044060L, 
-1253235510L, 1957611829L, -781181041L, -1642644330L, -1292667840L, 
547947779L, -18593503L, 575242768L, 1395558894L, 1840766361L, 
717646379L, -6178022L, 2016649692L, -1266878497L, 331886517L, 
-1012836020L, -1994322014L, 578823933L, -1271371785L, 1602076958L, 
724110296L, -1697526469L, 864160473L, -519821720L, 1894807446L, 
-1091386607L, -509227837L, -2144197422L, 345837924L, 111887527L, 
1049954813L, -587176972L, 46841050L, -205050331L, -544087233L, 
-1536577338L, 361008464L, 62535027L, 362241937L, -768986688L, 
-115493986L, 89959785L, 1579054491L, -75114326L, 678069964L, 
396552079L, 1148117957L, -2110503044L, -1913129006L, 358029133L, 
-1795111417L, 1361106414L, 487383240L, 1650667467L, -2059253207L, 
-1230014344L, -1633225306L, -1788280895L, -1451334573L, -613758206L, 
-74068428L, 909462455L, 396483501L, 556912836L, 802972906L, -1876890795L, 
-2065163025L, -1233767690L, 1349025312L, 824689635L, -142161791L, 
593450736L, -1084705394L, -282526983L, 789690507L, 1866449082L, 
-335047748L, 975538431L, 1475746901L, 1887627116L, 200579010L, 
-993058787L, 1603428503L, 265625086L, -1544131144L, 1325703579L, 
889333753L, -846450872L, 1180007030L, -866405455L, -252170781L, 
-316181838L, 1314164484L, 1365128263L, 91046685L, 2124421524L, 
884006202L, -1625538171L, -1858465185L, 1224029414L, 1329694576L, 
1789692051L, 1362920753L, -1311697952L, -465338242L, 308763401L, 
1881259323L, -545533686L, 931889388L, 732212591L, -1968442715L, 
-1096299428L, 1607683122L, -1568060627L, -2130030105L, 252439822L, 
11453160L, 1634569451L, -488651383L, -1875438312L, -2116839354L, 
-91438943L, -233617613L, -242362718L, -1692080748L, -1580569577L, 
-81036275L, -1668753116L, -1998539510L, -551218059L, 994115535L, 
361930966L, 1422106752L, 129375939L, 1062725729L, -1770071856L, 
701403694L, 1461908441L, -1397195797L, 1644796506L, 1534323740L, 
1416722719L, 75884917L, 216557580L, -384503326L, -1875883331L, 
-957545161L, 1681648094L, 2136321816L, 996075131L, 1503585305L, 
1240831144L, 1240870486L, 462375633L, -1156339069L, 1325031698L, 
1936016548L, 486511719L, -373318211L, -1616027852L, -353633126L, 
553239269L, 1924119679L, 478672390L, -694894192L, 1247804467L, 
-1574988847L, 327997824L, -1082559394L, -437738583L, 1335491163L, 
-746217878L, 2109825804L, -56539825L, -1223344635L, 2110342332L, 
647017874L, 238808717L, -540580665L, -1452015186L, 1902521352L, 
-286892021L, -1573333783L, -1889373256L, -1234387866L, -1087202047L, 
132742035L, 1037114434L, -2062408716L, -945656329L, 897544685L, 
284164740L, -121097046L, 910369301L, -1138319697L, 572005558L, 
556296928L, 364844579L, -2036819647L, 149636144L, 108994126L, 
1912326841L, -1917112629L, 1589319546L, 1242619516L, -1488725313L, 
228506517L, -1517814868L, -2061504126L, 647247709L, 1516395095L, 
446058814L, 280588664L, 1979085458L, 1001452896L, 416806220L, 
86692832L, -51163230L, -1497444440L, -2118938740L, -357881156L, 
-1628058766L, 605700336L, -698024892L, -1099096744L, -1380036550L, 
1560851312L, -1445309380L, -1420719340L, -1886183998L, 1110199520L, 
-1190127748L, -1912785200L, -1657972062L, -893094872L, 1612022028L, 
-98239556L, 452687154L, 2083923904L, 713795124L, 1893293000L, 
957781178L, 1145268112L, -265524756L, -5082028L, -1222264174L, 
-1493689568L, 27558348L, 246934496L, 1186125506L, 1466185256L, 
392187564L, 493205180L, -170941966L, 1959754032L, 1822787748L, 
-515757384L, 259698522L, 1259158928L, 1095863676L, 1555935508L, 
-1973674686L, 1463755520L, 231173052L, -759733424L, 904271138L, 
1293183304L, -721007604L, -1582560164L, 1416082642L, 823399424L, 
299542356L, -872560152L, 1553931258L, 1621166800L, -853433044L, 
-1400177420L, -287038574L, -207549344L, 1304369420L, -2030408992L, 
-1475242654L, 40654504L, -8049076L, 2074850172L, -269287630L, 
1069490800L, -622210748L, -1840240680L, 914289786L, -1664656848L, 
761802428L, 1431551828L, -94630334L, 44842912L, 847461564L, -1018351152L, 
-1987784350L, -1498044440L, -552207412L, 1862487804L, 37078002L, 
-1916636032L, -715292428L, -263643000L, 585552186L, -1881640112L, 
1266548844L, 228252820L, 1014981970L, -989842720L, -1432277812L, 
-1129685856L, 1376214402L, 1435684072L, 1388883180L, 163031100L, 
-606417806L, 98319472L, 741601828L, -1022405064L, 2083328538L, 
-905079600L, 1539204668L, 1866850452L, -728028030L, -523236416L, 
243593532L, -607539568L, 377160738L, 1580920840L, -164006772L, 
-189299684L, 2112417938L, 1455334528L, 447372308L, -1948084440L, 
-1590900678L, 1414297808L, 1199929452L, 697257652L, -1421317102L, 
-467315744L, 634233804L, -440229408L, -2100402142L, 144401704L, 
-294014708L, 1528930876L, -1465222926L, 651214064L, -364751036L, 
1105402968L, -864782790L, 827756784L, -1154074948L, 1828721172L, 
1742830786L, -393180576L, 343744892L, -644002608L, 307914786L, 
1289778344L, 849240460L, -503443012L, -884192206L, -432105664L, 
2097189556L, -1410646712L, 1243928250L, -1295236336L, -680404756L, 
169700436L, -2061661422L, -1848775264L, 1418852300L, -1077431456L, 
635083970L, -449854936L, 2080570796L, -1253274820L, -926408846L, 
-219398352L, 159417380L, -793345480L, -1472674086L, 1925874576L, 
-119777028L, -1212374636L, 1232036674L, -2121623040L, -145316804L, 
-1630115248L, -1539341150L, -1429014712L, -1778237940L, 942849756L, 
1923661906L, 1894498432L, 1367055188L, 755278824L, -1581260038L, 
-708108464L, 410239020L, -1980845708L, -1278963054L, 427762272L, 
671089804L, 412087648L, -414119710L, 1201012904L, -146445620L, 
1126934012L, 486490034L, -1296918544L, -1539144252L, 1923045720L, 
1450849658L, -575527504L, -1718212164L, -207160748L, -584200766L, 
-408159456L, 1033194428L, -214514608L, -908861470L, -1989991576L, 
1205528396L, -1870857476L, -659064078L, -1997737728L, 2004128884L, 
1968364040L, 1819191738L, 215398864L, -18682900L, -1041283180L, 
2045390034L, -1689368480L, 1905107276L, -1158701079L, 1358766683L, 
-1180623700L, 1172300474L, 214952047L, -1672862215L, 149782670L, 
-675788452L, 260317645L, 1765705015L, 1697134528L, -1341591394L, 
1274975595L, 1300524269L, 1997925722L, -1261748712L, 1237007233L, 
1769423155L, 90730324L, -209598110L, 652419575L, -1210715583L, 
-1470511418L, -234911740L, -727201867L, 143325343L, -2106153736L, 
1560759510L, -1187173021L, 1976133925L, 337981122L, -1817298000L, 
1018398681L, -1522241205L, -1591765060L, 1974800362L, -715818977L, 
325557929L, -1063943618L, 1107054380L, 1582184829L, 1677633479L, 
-812372304L, -1108788018L, -303503877L, 526171741L, -1264727670L, 
1392153000L, 2131652369L, 874794499L, -1169315580L, -2112144078L, 
-1780864121L, 98089425L, 255669078L, -1608484556L, -642299835L, 
1212764303L, -1201127928L, -1454398938L, -2119146797L, 1135981621L, 
1880779666L, -176006304L, 333981385L, -1189045765L, -951122484L, 
-1945861030L, 1609021775L, 1856120857L, 989261358L, 2147210300L, 
1176150445L, 1103606359L, 1977944992L, -1216761602L, -648629301L, 
-1599969843L, -181303046L, 1476254520L, 109009121L, 670325651L, 
-493199436L, -38984510L, 1595451607L, -1216375519L, 811242726L, 
316670436L, -1306526443L, -841009857L, 1507223768L, -1896924938L, 
-917478653L, -991103931L, -109605790L, 830409680L, -1572339463L, 
-1536595413L, 62876L, -566293046L, -753828161L, 1685299209L, 
-1691582178L, 655688908L, 1160695965L, 1670964519L, -2001127600L, 
-1810744850L, -734802277L, -1797684995L, -877549590L, 1677287560L, 
1208196657L, -1509033821L, -1342788444L, -32666286L, -657405785L, 
1773100273L, 1722608694L, -1560574764L, -749827995L, 1777758831L, 
-1265652568L, -1341683194L, 235260723L, 1454972821L, -1567949838L, 
1259376704L, 1158361513L, -1273307109L, -807088660L, -323965446L, 
1020123695L, 1565726265L, 1696333902L, 1356687516L, 1274718733L, 
1899103863L, 767942272L, 1985068254L, 432775083L, 654086317L, 
2008712474L, 526213592L, -110437823L, -353857293L, -479449324L, 
